results	results	71.053	1330	382	1	4621297	4622626	242888	241562	0.0	662
results	results	71.053	1330	382	1	209945	211271	22437	21108	0.0	662
results	results	69.250	1613	457	10	289160	290742	1128061	1129664	0.0	664
results	results	69.250	1613	457	10	818888	820491	320777	322359	0.0	664
results	results	71.089	1387	385	8	2215716	2217094	3230393	3231771	0.0	673
results	results	71.089	1387	385	8	2859680	2861058	1563281	1564659	0.0	673
results	results	81.466	723	130	4	4756550	4757270	4365946	4365226	0.0	686
results	results	71.974	1363	360	15	4508120	4509471	2591778	2590427	0.0	689
results	results	72.047	1363	359	16	1272087	1273438	1460004	1458653	0.0	689
results	results	83.232	656	80	3	4224261	4224886	3819501	3820156	0.0	701
results	results	83.232	656	80	3	3833364	3834019	1899295	1899920	0.0	701
results	results	74.858	1054	255	2	3215726	3216777	2055614	2056659	0.0	707
results	results	74.858	1054	255	2	3217835	3218880	2053505	2054556	0.0	707
results	results	72.628	1370	349	16	1272085	1273441	2989398	2990754	0.0	732
results	results	72.628	1370	349	16	2596848	2598204	2590424	2591780	0.0	732
results	results	84.299	656	73	3	4224261	4224886	2778202	2777547	0.0	733
results	results	68.145	2232	669	25	3596130	3598337	3715968	3713755	0.0	746
results	results	68.145	2232	669	25	3592530	3594743	3712368	3710161	0.0	746
results	results	72.329	1507	372	24	4562648	4564127	4792447	4790959	0.0	771
results	results	80.864	810	69	4	3426589	3427313	2204368	2203560	0.0	822
results	results	82.979	799	135	1	2156615	2157413	3484367	3485164	0.0	825
results	results	82.979	799	135	1	1689780	1690577	1622962	1623760	0.0	825
results	results	89.396	613	35	3	2561494	2562076	730035	729423	0.0	827
results	results	89.396	613	35	3	2560494	2561106	729035	728453	0.0	827
results	results	100.000	468	0	0	4708994	4709461	4418773	4418306	0.0	845
results	results	100.000	473	0	0	3988598	3989070	4817843	4817371	0.0	854
results	results	71.273	1838	508	11	1403802	1405629	4581953	4580126	0.0	903
results	results	71.273	1838	508	11	4398955	4400782	2460063	2458236	0.0	903
results	results	86.658	772	73	4	4252552	4253322	4253944	4254686	0.0	938
results	results	86.658	772	73	4	3996329	3997071	1870859	1871629	0.0	938
results	results	70.627	1995	566	8	3070072	3072056	3407003	3408987	0.0	939
results	results	70.627	1995	566	8	1889211	1891195	3021379	3019395	0.0	939
results	results	70.043	2300	620	29	286792	289058	1128239	1130502	0.0	974
results	results	70.043	2300	620	29	819066	821329	318409	320675	0.0	974
results	results	100.000	557	0	0	3834918	3835474	4818400	4817844	0.0	1005
results	results	67.999	3128	932	36	2068683	2071780	3300596	3297508	0.0	1029
results	results	67.999	3128	932	36	1779719	1782807	1708580	1711677	0.0	1029
results	results	83.350	997	158	5	1103921	1104916	1424593	1425582	0.0	1035
results	results	83.350	997	158	5	1115420	1116409	1413094	1414089	0.0	1035
results	results	67.120	3674	1066	58	251108	254697	1498560	1494945	0.0	1047
results	results	67.120	3674	1066	58	4469564	4473179	282725	286314	0.0	1047
results	results	72.774	1965	515	11	1440038	1441992	3287364	3289318	0.0	1101
results	results	72.723	1965	516	10	1769575	1771529	2423827	2421873	0.0	1101
results	results	71.049	2259	634	8	286804	289058	320967	323209	0.0	1108
results	results	96.047	683	27	0	875988	876670	4668892	4668210	0.0	1111
results	results	96.047	683	27	0	2284589	2285271	1185161	1185843	0.0	1111
results	results	83.607	1098	168	4	1084728	1085824	1413522	1414608	0.0	1162
results	results	83.607	1098	168	4	1104349	1105435	1393901	1394997	0.0	1162
results	results	100.000	657	0	0	4810502	4811158	4818401	4819057	0.0	1186
results	results	91.264	870	75	1	874271	875140	1418237	1419105	0.0	1223
results	results	91.264	870	75	1	1109064	1109932	1183444	1184313	0.0	1223
results	results	73.099	2249	580	14	828679	830913	2591849	2594086	0.0	1288
results	results	73.099	2249	580	14	1269779	1272016	1140086	1137852	0.0	1288
results	results	93.466	857	56	0	4793386	4794242	4673778	4672922	0.0	1294
results	results	68.680	3576	1062	30	3594949	3598492	3715946	3712397	0.0	1317
results	results	68.680	3576	1062	30	3592552	3596101	3713549	3710006	0.0	1317
results	results	97.704	784	16	2	971145	971927	1870849	1871631	0.0	1326
results	results	97.704	784	16	2	4252550	4253332	1281100	1280318	0.0	1326
results	results	100.000	765	0	0	4809737	4810501	4419662	4418898	0.0	1380
results	results	100.000	765	0	0	4809737	4810501	4395178	4394414	0.0	1380
results	results	79.275	1655	338	3	322216	323868	3769495	3771146	0.0	1430
results	results	79.275	1655	338	3	3537352	3539003	355485	353833	0.0	1430
results	results	77.121	2063	398	34	291060	293085	1129976	1132001	0.0	1507
results	results	77.121	2063	398	34	820803	822828	322677	324702	0.0	1507
results	results	87.470	1261	113	7	971156	972401	4254686	4253456	0.0	1572
results	results	87.470	1261	113	7	3996329	3997559	1280329	1281574	0.0	1572
results	results	90.736	1209	111	1	2808746	2809954	3818950	3820157	0.0	1673
results	results	90.736	1209	111	1	3833363	3834570	2777546	2778754	0.0	1673
results	results	98.521	1014	13	2	4807841	4808853	4816320	4817332	0.0	1755
results	results	99.303	1004	7	0	4787955	4788958	4407524	4408527	0.0	1780
results	results	91.165	1313	116	0	4796729	4798041	4804761	4803449	0.0	1846
results	results	91.630	1374	107	4	3988989	3990355	4351050	4352422	0.0	1949
results	results	91.636	1375	108	3	4415159	4416532	4262028	4260660	0.0	1955
results	results	96.035	1362	49	3	1164268	1165628	4814962	4816319	0.0	2205
results	results	71.949	4171	1101	23	2068681	2072840	4717443	4713331	0.0	2206
results	results	71.949	4171	1101	23	1119301	1123413	1711679	1707520	0.0	2206
results	results	85.080	2118	285	9	4784430	4786527	4404146	4406252	0.0	2383
results	results	100.000	1380	0	0	4793386	4794765	3236272	3237651	0.0	2489
results	results	75.470	3938	944	16	217010	220935	4030168	4026241	0.0	2695
results	results	75.470	3938	944	16	3942241	3946168	248627	252552	0.0	2695
results	results	94.131	1755	102	1	1162591	1164344	3235896	3237650	0.0	2698
results	results	100.000	1571	0	0	4803917	4805487	4813392	4814962	0.0	2834
results	results	100.000	1697	0	0	4800532	4802228	4811695	4813391	0.0	3061
results	results	76.292	5281	1197	25	4623021	4628275	241463	236212	0.0	3817
results	results	76.292	5281	1197	25	204595	209846	28086	22832	0.0	3817
results	results	99.897	2910	3	0	4715924	4718833	4418306	4415397	0.0	5235
results	results	78.128	7146	1418	68	4521643	4528724	4424177	4431241	0.0	5665
results	results	100.000	3602	0	0	4465234	4468835	4390889	4394490	0.0	6497
results	results	99.952	4139	2	0	4741477	4745615	4399239	4395101	0.0	7456
results	results	99.977	4358	1	0	4789031	4793388	4811695	4807338	0.0	7855
results	results	100.000	6129	0	0	4773180	4779308	4801596	4795468	0.0	11054
results	results	99.987	7481	1	0	4765679	4773159	4787987	4795467	0.0	13487
results	results	100.000	10189	0	0	4745616	4755804	4787989	4777801	0.0	18375
results	results	99.991	10567	1	0	2269993	2280559	1509872	1499306	0.0	19052
results	results	99.889	11720	12	1	4733897	4745615	4431304	4419585	0.0	21074
results	results	99.982	16476	3	0	4415165	4431640	4351055	4367530	0.0	29700
results	results	99.995	20000	1	0	4687155	4707154	1427056	1447055	0.0	36064
results	results	99.962	23388	9	0	4431687	4455074	4367507	4390894	0.0	42137
results	results	99.992	26234	2	0	4660845	4687078	4777805	4751572	0.0	47301
results	results	100.000	29038	0	0	4631736	4660773	682389	711426	0.0	52367
results	results	99.997	31546	1	0	4600190	4631735	1	31546	0.0	56885
results	results	99.994	32960	2	0	4567185	4600144	4718614	4751573	0.0	59431
results	results	99.995	42563	2	0	2812586	2855148	2740874	2698312	0.0	76749
results	results	99.991	45702	4	0	1118121	1163822	4718623	4672922	0.0	82400
results	results	100.000	50268	0	0	2280560	2330827	4672921	4622654	0.0	90653
results	results	100.000	52238	0	0	4468836	4521073	1499288	1447051	0.0	94205
results	results	99.996	56913	2	0	4358255	4415167	4622653	4565741	0.0	1.026e+05
results	results	99.998	58613	0	1	3776227	3834839	3877292	3818681	0.0	1.057e+05
results	results	100.000	58690	0	0	2753980	2812669	2833520	2774831	0.0	1.058e+05
results	results	99.994	63015	4	0	3426803	3489817	2204427	2141413	0.0	1.136e+05
results	results	99.999	77111	1	0	4281143	4358253	4431275	4508385	0.0	1.391e+05
results	results	100.000	77700	0	0	4203366	4281065	1920815	1843116	0.0	1.401e+05
results	results	99.999	89032	1	0	4114334	4203365	4351054	4262023	0.0	1.606e+05
results	results	99.995	100479	5	0	1719862	1820340	3237651	3338129	0.0	1.812e+05
results	results	99.999	106208	1	0	3670108	3776315	3983643	3877436	0.0	1.915e+05
results	results	100.000	116667	0	0	1820497	1937163	3338289	3454955	0.0	2.104e+05
results	results	99.987	119958	16	0	334022	453979	365546	485503	0.0	2.163e+05
results	results	99.998	122786	2	0	3304019	3426804	2327311	2204526	0.0	2.214e+05
results	results	99.998	125122	2	0	3988993	4114114	4262022	4136901	0.0	2.256e+05
results	results	99.977	153124	1	1	3835474	3988597	4136901	3983812	0.0	2.760e+05
results	results	99.995	162732	8	0	650657	813388	959908	1122639	0.0	2.934e+05
results	results	99.998	174695	3	1	2579188	2753881	3008415	2833721	0.0	3.150e+05
results	results	99.997	180290	5	0	3489818	3670107	3818680	3638391	0.0	3.251e+05
results	results	99.995	183245	2	1	1536552	1719796	3638392	3455155	0.0	3.304e+05
results	results	99.999	196677	1	1	453984	650659	485599	682275	0.0	3.547e+05
results	results	99.998	220713	5	0	3083037	3303749	1920816	2141528	0.0	3.980e+05
results	results	99.999	227892	2	0	2855148	3083039	3236303	3008412	0.0	4.110e+05
results	results	99.998	248246	4	0	2330860	2579105	959669	711424	0.0	4.477e+05
results	results	99.994	304718	12	1	813174	1117885	1122341	1427058	0.0	5.494e+05
results	results	99.993	332715	8	1	1937237	2269951	1843123	1510424	0.0	5.999e+05
results	results	99.996	333964	14	0	285	334248	31902	365865	0.0	6.022e+05
results	results	99.997	371005	9	1	1165552	1536556	2698312	2327309	0.0	6.690e+05
results	results	94.709	378	20	0	1165552	1165929	959670	960047	8.27e-166	592
results	results	94.521	292	16	0	1117963	1118254	3983644	3983935	1.50e-124	455
results	results	87.601	371	40	4	4564649	4565016	4511485	4511118	6.37e-123	450
results	results	99.600	250	0	1	4798118	4798366	4803455	4803206	9.45e-121	444
results	results	70.930	860	246	3	2100968	2101825	4515701	4514844	4.58e-112	415
results	results	99.034	207	2	0	2269868	2270074	1510389	1510183	2.08e-97	365
results	results	100.000	201	0	0	4468635	4468835	4418774	4418974	7.27e-97	363
results	results	78.093	493	67	18	2753980	2754442	2833797	2833316	3.09e-95	359
results	results	79.518	415	69	9	4779621	4780030	4510317	4510720	8.29e-90	340
results	results	87.218	266	34	0	1820677	1820942	3337924	3338189	5.23e-86	327
results	results	97.382	191	5	0	800864	801054	682382	682192	2.23e-84	323
results	results	96.196	184	7	0	1	184	31381	31564	7.28e-78	301
results	results	96.196	184	6	1	1	184	31556	31738	8.86e-77	297
results	results	99.359	156	0	1	1719721	1719876	3455109	3454955	1.01e-69	274
results	results	100.000	116	0	0	4800493	4800608	4817256	4817371	1.01e-50	210
results	results	95.370	108	5	0	4785092	4785199	4412190	4412083	2.54e-39	173
results	results	89.516	124	11	2	800664	800786	682508	682386	5.60e-35	159
results	results	98.864	88	1	0	3776228	3776315	3877409	3877322	6.83e-34	155
results	results	97.701	87	1	1	1937153	1937239	4414954	4415039	3.54e-31	145
results	results	100.000	79	0	0	4281142	4281220	4801519	4801597	1.23e-30	143
results	results	100.000	78	0	0	4809660	4809737	4415397	4415320	4.31e-30	141
results	results	100.000	77	0	0	4281066	4281142	4414577	4414653	1.50e-29	140
results	results	100.000	77	0	0	4722081	4722157	4414576	4414652	1.50e-29	140
results	results	96.471	85	3	0	4807764	4807848	4415396	4415312	1.50e-29	141
results	results	95.062	81	4	0	4631563	4631643	31723	31803	2.72e-26	129
results	results	100.000	58	0	0	921143	921200	1499342	1499285	3.10e-19	105
results	results	90.789	76	7	0	2269876	2269951	1510168	1510093	3.10e-19	106
results	results	90.667	75	7	0	2269876	2269950	1510058	1509984	1.08e-18	104
results	results	84.615	78	12	0	4768011	4768088	4511410	4511487	8.32e-14	87.8
results	results	80.822	73	14	0	2067526	2067598	4551831	4551759	2.23e-08	69.8
results	results	81.818	66	12	0	489050	489115	4549758	4549693	2.72e-07	66.2
results	results	78.947	76	16	0	1222820	1222895	3877293	3877218	2.72e-07	66.2
results	results	85.965	57	7	1	4788090	4788146	4563000	4563055	9.50e-07	64.4
results	results	89.583	48	5	0	2810179	2810226	2740877	2740830	9.50e-07	65.3
results	results	80.392	51	10	0	2811761	2811811	2765772	2765722	0.073	48.2
results	results	74.074	81	19	2	4150209	4150289	1509882	1509960	0.89	45.5
results	results	72.727	77	21	0	364155	364231	1509799	1509875	0.89	45.5
results	results	80.851	47	7	1	495493	495537	4545249	4545203	3.1	42.8
results	results	70.909	110	26	4	4114339	4114445	1509798	1509904	3.1	42.8
