results	results	88.800	500	56	0	3014985	3015484	3338788	3338289	0.0	650
results	results	71.053	1330	382	1	983132	984461	241562	242888	0.0	662
results	results	71.053	1330	382	1	762669	763995	21108	22437	0.0	662
results	results	69.250	1613	457	10	683198	684780	1129664	1128061	0.0	664
results	results	69.250	1613	457	10	4001594	4003197	320777	322359	0.0	664
results	results	71.089	1387	385	8	2356971	2358349	3230393	3231771	0.0	673
results	results	71.089	1387	385	8	3827161	3828539	1564659	1563281	0.0	673
results	results	71.974	1363	360	15	1044814	1046165	2591778	2590427	0.0	689
results	results	72.047	1363	359	16	1425840	1427191	1460004	1458653	0.0	689
results	results	83.232	656	80	3	2021696	2022321	3819501	3820156	0.0	701
results	results	83.232	656	80	3	4222351	4223006	1899295	1899920	0.0	701
results	results	74.858	1054	255	2	2765157	2766208	2056659	2055614	0.0	707
results	results	74.858	1054	255	2	2763054	2764099	2054556	2053505	0.0	707
results	results	72.628	1370	349	16	1425838	1427194	2989398	2990754	0.0	732
results	results	72.628	1370	349	16	1708002	1709358	2590424	2591780	0.0	732
results	results	99.274	413	3	0	4769696	4770108	1921228	1920816	0.0	732
results	results	84.299	656	73	3	2021696	2022321	2778202	2777547	0.0	733
results	results	74.395	1199	272	15	4703386	4704554	4806561	4805368	0.0	743
results	results	68.145	2232	669	25	3371322	3373529	3713755	3715968	0.0	746
results	results	68.145	2232	669	25	3374916	3377129	3710161	3712368	0.0	746
results	results	80.864	810	69	4	2614903	2615627	2204368	2203560	0.0	822
results	results	82.979	799	135	1	2297870	2298668	3484367	3485164	0.0	825
results	results	82.979	799	135	1	3145596	3146393	1623760	1622962	0.0	825
results	results	99.783	460	1	0	4773842	4774301	4817366	4816907	0.0	826
results	results	89.396	613	35	3	276520	277102	730035	729423	0.0	827
results	results	89.396	613	35	3	275520	276132	729035	728453	0.0	827
results	results	98.943	473	5	0	4773369	4773841	4668868	4668396	0.0	831
results	results	100.000	472	0	0	4773370	4773841	1185186	1185657	0.0	852
results	results	71.273	1838	508	11	1557555	1559382	4581953	4580126	0.0	903
results	results	71.273	1838	508	11	2436803	2438630	2458236	2460063	0.0	903
results	results	86.658	772	73	4	2049987	2050757	4253944	4254686	0.0	938
results	results	86.658	772	73	4	3597039	3597781	1871629	1870859	0.0	938
results	results	70.627	1995	566	8	3616163	3618147	3408987	3407003	0.0	939
results	results	70.627	1995	566	8	2944597	2946581	3019395	3021379	0.0	939
results	results	70.043	2300	620	29	684882	687148	1130502	1128239	0.0	974
results	results	70.043	2300	620	29	4001772	4004035	318409	320675	0.0	974
results	results	67.967	3128	933	36	3053010	3056098	1711677	1708580	0.0	1024
results	results	67.999	3128	932	36	2209939	2213036	3300596	3297508	0.0	1029
results	results	83.350	997	158	5	1090729	1091724	1425582	1424593	0.0	1035
results	results	83.350	997	158	5	1079236	1080225	1414089	1413094	0.0	1035
results	results	67.120	3674	1066	58	719243	722832	1494945	1498560	0.0	1047
results	results	67.120	3674	1066	58	1006258	1009873	282725	286314	0.0	1047
results	results	99.836	608	1	0	4772762	4773369	4816410	4817017	0.0	1093
results	results	72.774	1965	515	11	1593791	1595745	3287364	3289318	0.0	1101
results	results	72.723	1965	516	10	3064288	3066242	2421873	2423827	0.0	1101
results	results	71.049	2259	634	8	684882	687136	323209	320967	0.0	1108
results	results	83.607	1098	168	4	1109821	1110917	1414608	1413522	0.0	1162
results	results	83.607	1098	168	4	1090210	1091296	1394997	1393901	0.0	1162
results	results	100.000	658	0	0	4753498	4754155	4819057	4818400	0.0	1187
results	results	91.264	870	75	1	4056977	4057846	1418237	1419105	0.0	1223
results	results	91.264	870	75	1	1085713	1086581	1184313	1183444	0.0	1223
results	results	73.099	2249	580	14	4011385	4013619	2591849	2594086	0.0	1288
results	results	73.099	2249	580	14	1423532	1425769	1140086	1137852	0.0	1288
results	results	68.680	3576	1062	30	3371167	3374710	3712397	3715946	0.0	1317
results	results	68.680	3576	1062	30	3373558	3377107	3710006	3713549	0.0	1317
results	results	97.704	784	16	2	1223718	1224500	1871631	1870849	0.0	1326
results	results	97.704	784	16	2	2049985	2050767	1281100	1280318	0.0	1326
results	results	79.275	1655	338	3	650072	651724	3771146	3769495	0.0	1430
results	results	79.275	1655	338	3	3430656	3432307	353833	355485	0.0	1430
results	results	100.000	820	0	0	4770664	4771483	4414577	4415396	0.0	1480
results	results	77.121	2063	398	34	680855	682880	1132001	1129976	0.0	1507
results	results	77.121	2063	398	34	4003509	4005534	322677	324702	0.0	1507
results	results	87.470	1261	113	7	1223244	1224489	4253456	4254686	0.0	1572
results	results	87.470	1261	113	7	3596551	3597781	1281574	1280329	0.0	1572
results	results	90.736	1209	111	1	1920002	1921210	3818950	3820157	0.0	1673
results	results	90.736	1209	111	1	4222350	4223557	2777546	2778754	0.0	1673
results	results	91.633	1231	94	2	2490299	2491529	4674143	4672922	0.0	1755
results	results	99.806	1029	2	0	4768667	4769695	4818400	4817372	0.0	1847
results	results	91.673	1369	107	3	4623537	4624904	4262022	4260660	0.0	1948
results	results	91.630	1374	107	4	3603755	3605121	4352422	4351050	0.0	1949
results	results	100.000	1147	0	0	4767522	4768668	4815175	4816321	0.0	2069
results	results	71.949	4171	1101	23	2209937	2214096	4717443	4713331	0.0	2206
results	results	71.949	4171	1101	23	4545325	4549437	1711679	1707520	0.0	2206
results	results	100.000	1336	0	0	4764926	4766261	4422388	4423723	0.0	2410
results	results	100.000	1336	0	0	4764926	4766261	4397904	4399239	0.0	2410
results	results	75.470	3938	944	16	753005	756930	4026241	4030168	0.0	2695
results	results	75.470	3938	944	16	4497562	4501489	248627	252552	0.0	2695
results	results	94.131	1755	102	1	4588615	4590368	3235896	3237650	0.0	2698
results	results	100.000	1570	0	0	4754175	4755744	4813392	4814961	0.0	2832
results	results	96.469	1756	52	4	2490298	2492052	3235905	3237651	0.0	2879
results	results	100.000	1697	0	0	4763229	4764925	4811695	4813391	0.0	3061
results	results	100.000	1746	0	0	4757993	4759738	4420753	4422498	0.0	3149
results	results	100.000	1746	0	0	4757993	4759738	4396269	4398014	0.0	3149
results	results	100.000	1784	0	0	4759739	4761522	4789849	4788066	0.0	3218
results	results	99.950	1993	0	1	4755890	4757881	4396282	4394290	0.0	3587
results	results	99.950	1994	0	1	4755890	4757882	4420766	4418773	0.0	3589
results	results	76.292	5281	1197	25	977483	982737	236212	241463	0.0	3817
results	results	76.292	5281	1197	25	764094	769345	22832	28086	0.0	3817
results	results	100.000	2982	0	0	3116135	3119116	3455031	3458012	0.0	5378
results	results	100.000	4167	0	0	4740459	4744625	4672921	4668755	0.0	7515
results	results	100.000	4355	0	0	4736036	4740390	4811695	4807341	0.0	7854
results	results	100.000	5619	0	0	4716716	4722334	4795467	4789849	0.0	10134
results	results	100.000	6131	0	0	4729872	4736002	4801598	4795468	0.0	11057
results	results	100.000	7662	0	0	4709036	4716697	4423613	4431274	0.0	13818
results	results	100.000	10190	0	0	2480186	2490375	4787990	4777801	0.0	18377
results	results	99.935	10755	7	0	4640059	4650813	4367507	4378261	0.0	19364
results	results	100.000	15559	0	0	4693477	4709035	4399129	4414687	0.0	28059
results	results	99.994	16150	1	0	4677219	4693368	4394400	4378251	0.0	29121
results	results	99.982	16481	2	1	4623533	4640012	4351050	4367530	0.0	29705
results	results	99.985	26239	1	1	4650958	4677196	4751574	4777809	0.0	47300
results	results	99.991	31803	3	0	973766	1005568	31803	1	0.0	57340
results	results	99.997	32850	1	0	4590619	4623468	4751463	4718614	0.0	59237
results	results	99.993	45702	3	0	4544145	4589846	4718623	4672922	0.0	82405
results	results	100.000	45853	0	0	1	45853	4668506	4622654	0.0	82691
results	results	100.000	51727	0	0	4492360	4544086	4035370	3983644	0.0	93284
results	results	99.996	56919	2	0	2422419	2479337	4565742	4622660	0.0	1.026e+05
results	results	99.976	62956	9	1	3995880	4058829	1122341	1185296	0.0	1.135e+05
results	results	99.968	63082	6	1	2615117	2678198	2204427	2141360	0.0	1.137e+05
results	results	100.000	77111	0	0	4415104	4492214	4508385	4431275	0.0	1.391e+05
results	results	100.000	89032	0	0	4325860	4414891	4351054	4262023	0.0	1.606e+05
results	results	99.996	100539	4	0	3015417	3115955	3338189	3237651	0.0	1.813e+05
results	results	99.999	101542	1	0	4224053	4325594	4136901	4035360	0.0	1.831e+05
results	results	99.999	116666	1	0	2898630	3015295	3454954	3338289	0.0	2.104e+05
results	results	99.988	119958	14	0	519961	639918	485503	365546	0.0	2.163e+05
results	results	99.998	122786	3	0	2492333	2615118	2327311	2204526	0.0	2.214e+05
results	results	99.999	125122	1	0	3479996	3605117	4136901	4262022	0.0	2.256e+05
results	results	99.995	162970	8	0	3833125	3996094	959670	1122639	0.0	2.939e+05
results	results	99.999	164968	2	0	4058859	4223826	3983648	3818681	0.0	2.975e+05
results	results	99.999	180188	2	0	3299654	3479841	3638493	3818680	0.0	3.249e+05
results	results	99.996	180465	1	1	3119157	3299621	3457935	3638392	0.0	3.254e+05
results	results	100.000	220411	0	0	2678185	2898595	2141528	1921118	0.0	3.975e+05
results	results	99.998	227911	2	2	3605180	3833090	3008414	3236322	0.0	4.110e+05
results	results	99.999	310104	4	0	1690341	2000444	3008415	2698312	0.0	5.592e+05
results	results	100.000	313743	0	0	1005530	1319272	1499288	1185546	0.0	5.658e+05
results	results	99.997	333964	9	0	639692	973655	365865	31902	0.0	6.022e+05
results	results	99.999	371002	4	0	1319306	1690307	2698312	2327311	0.0	6.690e+05
results	results	99.995	421547	7	2	2000800	2422345	1920816	1499285	0.0	7.601e+05
results	results	100.000	474071	2	0	45886	519956	959669	485599	0.0	8.549e+05
results	results	93.705	413	24	2	4774300	4774711	4816960	4817371	1.69e-174	621
results	results	100.000	324	0	0	2491975	2492298	4814962	4815285	1.22e-163	585
results	results	70.930	860	246	3	2242224	2243081	4515701	4514844	4.55e-112	415
results	results	100.000	221	0	0	4770443	4770663	4751573	4751353	1.00e-107	399
results	results	99.531	213	1	0	4755668	4755880	3638391	3638603	9.39e-102	380
results	results	89.964	279	19	3	3115941	3116213	3454955	3455230	1.39e-99	372
results	results	100.000	202	0	0	4775741	4775942	4816320	4816521	2.07e-97	365
results	results	85.062	241	25	5	4772175	4772409	4560212	4559977	6.34e-66	260
results	results	100.000	115	0	0	4492246	4492360	4415283	4415397	3.51e-50	208
results	results	100.000	114	0	0	4744623	4744736	4418885	4418772	1.22e-49	206
results	results	100.000	114	0	0	4729761	4729874	4415399	4415286	1.22e-49	206
results	results	97.458	118	3	0	4775943	4776060	4415287	4415404	1.82e-47	200
results	results	98.095	105	2	0	4223727	4223831	4788094	4787990	4.88e-42	181
results	results	72.191	356	90	5	4705130	4705480	4807291	4806940	4.88e-42	182
results	results	84.615	78	12	0	4721787	4721864	4511487	4511410	8.27e-14	87.8
results	results	80.822	73	14	0	2208782	2208854	4551831	4551759	2.22e-08	69.8
results	results	97.561	41	1	0	4709109	4709149	4418811	4418771	2.22e-08	70.7
results	results	93.478	46	3	0	4766224	4766269	4418811	4418766	2.22e-08	70.7
results	results	87.719	57	6	1	4702007	4702063	4563000	4563055	7.74e-08	68.9
results	results	81.818	66	12	0	484825	484890	4549693	4549758	2.70e-07	66.2
results	results	69.178	146	45	0	4745482	4745627	4415848	4415703	1.15e-05	61.7
results	results	78.846	52	11	0	861512	861563	4510543	4510594	0.88	45.5
results	results	80.851	47	7	1	478403	478447	4545203	4545249	3.1	42.8
