results	results	100.000	362	0	0	4027200	4027561	32263	31902	0.0	654
results	results	89.000	500	55	0	1827208	1827707	3338289	3338788	0.0	655
results	results	71.053	1330	382	1	4036864	4038193	241562	242888	0.0	662
results	results	71.053	1330	382	1	624227	625553	22437	21108	0.0	662
results	results	69.250	1613	457	10	703442	705024	1128061	1129664	0.0	664
results	results	69.250	1613	457	10	369625	371228	322359	320777	0.0	664
results	results	71.089	1387	385	8	1421118	1422496	3230393	3231771	0.0	673
results	results	71.089	1387	385	8	3333404	3334782	1563281	1564659	0.0	673
results	results	93.556	450	28	1	4645456	4645904	3236345	3235896	0.0	678
results	results	94.000	450	26	1	3328830	3329279	4673705	4674153	0.0	687
results	results	71.974	1363	360	15	39285	40636	2591778	2590427	0.0	689
results	results	72.047	1363	359	16	2583201	2584552	1458653	1460004	0.0	689
results	results	83.232	656	80	3	1085833	1086458	3819501	3820156	0.0	701
results	results	83.232	656	80	3	3738583	3739238	1899920	1899295	0.0	701
results	results	74.858	1054	255	2	2216819	2217870	2056659	2055614	0.0	707
results	results	74.858	1054	255	2	2214716	2215761	2054556	2053505	0.0	707
results	results	72.628	1370	349	16	2583198	2584554	2990754	2989398	0.0	732
results	results	72.628	1370	349	16	3309807	3311163	2591780	2590424	0.0	732
results	results	84.299	656	73	3	1085833	1086458	2778202	2777547	0.0	733
results	results	74.395	1199	272	15	4794379	4795547	4806561	4805368	0.0	743
results	results	68.145	2232	669	25	3663073	3665280	3715968	3713755	0.0	746
results	results	68.145	2232	669	25	3659473	3661686	3712368	3710161	0.0	746
results	results	82.979	799	135	1	1362017	1362815	3484367	3485164	0.0	825
results	results	82.979	799	135	1	1696313	1697110	1622962	1623760	0.0	825
results	results	89.396	613	35	3	2972622	2973204	730035	729423	0.0	827
results	results	89.396	613	35	3	2971622	2972234	729035	728453	0.0	827
results	results	71.219	1838	509	11	1500558	1502385	2458236	2460063	0.0	899
results	results	71.273	1838	508	11	2451009	2452836	4580126	4581953	0.0	903
results	results	86.658	772	73	4	1114124	1114894	4253944	4254686	0.0	938
results	results	86.658	772	73	4	4471234	4471976	1871629	1870859	0.0	938
results	results	70.627	1995	566	8	3543796	3545780	3407003	3408987	0.0	939
results	results	70.627	1995	566	8	1896111	1898095	3021379	3019395	0.0	939
results	results	70.043	2300	620	29	701074	703340	1128239	1130502	0.0	974
results	results	70.043	2300	620	29	368787	371050	320675	318409	0.0	974
results	results	99.824	569	1	0	4927302	4927870	4394290	4394858	0.0	1022
results	results	99.651	573	2	0	4927298	4927870	4418770	4419342	0.0	1025
results	results	67.999	3128	932	36	1274076	1277173	3300596	3297508	0.0	1029
results	results	67.999	3128	932	36	1786370	1789458	1708580	1711677	0.0	1029
results	results	83.250	997	159	5	85200	86195	1425582	1424593	0.0	1031
results	results	83.350	997	158	5	73707	74696	1414089	1413094	0.0	1035
results	results	67.120	3674	1066	58	665390	668979	1498560	1494945	0.0	1047
results	results	67.120	3674	1066	58	729	4344	282725	286314	0.0	1047
results	results	72.774	1965	515	11	2414646	2416600	3289318	3287364	0.0	1101
results	results	72.723	1965	516	10	1776226	1778180	2423827	2421873	0.0	1101
results	results	71.049	2259	634	8	701086	703340	320967	323209	0.0	1108
results	results	96.307	677	25	0	2691011	2691687	4816319	4815643	0.0	1109
results	results	96.047	683	27	0	313446	314128	4668210	4668892	0.0	1111
results	results	96.047	683	27	0	2695717	2696399	1185161	1185843	0.0	1111
results	results	99.685	634	2	0	3737051	3737684	4817767	4818400	0.0	1135
results	results	83.515	1098	169	4	84681	85767	1394997	1393901	0.0	1158
results	results	83.607	1098	168	4	104292	105388	1414608	1413522	0.0	1162
results	results	100.000	658	0	0	4925345	4926002	4818400	4819057	0.0	1187
results	results	91.264	870	75	1	314976	315845	1419105	1418237	0.0	1223
results	results	91.264	870	75	1	80184	81052	1184313	1183444	0.0	1223
results	results	73.099	2249	580	14	359203	361437	2594086	2591849	0.0	1288
results	results	73.099	2249	580	14	2584623	2586860	1137852	1140086	0.0	1288
results	results	93.466	857	56	0	4902082	4902938	4672922	4673778	0.0	1294
results	results	68.680	3576	1062	30	3661892	3665435	3715946	3712397	0.0	1317
results	results	68.680	3576	1062	30	3659495	3663044	3713549	3710006	0.0	1317
results	results	97.704	784	16	2	218189	218971	1871631	1870849	0.0	1326
results	results	97.704	784	16	2	1114122	1114904	1281100	1280318	0.0	1326
results	results	79.275	1655	338	3	736498	738150	3769495	3771146	0.0	1430
results	results	79.275	1655	338	3	3604295	3605946	355485	353833	0.0	1430
results	results	77.121	2063	398	34	705342	707367	1129976	1132001	0.0	1507
results	results	77.121	2063	398	34	367288	369313	324702	322677	0.0	1507
results	results	87.470	1261	113	7	217715	218960	4253456	4254686	0.0	1572
results	results	87.470	1261	113	7	4470746	4471976	1281574	1280329	0.0	1572
results	results	90.736	1209	111	1	3098502	3099710	3820157	3818950	0.0	1673
results	results	90.736	1209	111	1	3738032	3739239	2778754	2777546	0.0	1673
results	results	99.896	963	1	0	4921618	4922580	4816409	4817371	0.0	1733
results	results	91.673	1369	107	3	4477950	4479312	4352422	4351055	0.0	1948
results	results	91.673	1369	107	3	4850455	4851822	4260660	4262022	0.0	1948
results	results	94.634	1379	74	0	4915155	4916533	3237650	3236272	0.0	2154
results	results	71.925	4171	1102	23	4685082	4689194	1707520	1711679	0.0	2202
results	results	71.949	4171	1101	23	1274074	1278233	4717443	4713331	0.0	2206
results	results	100.000	1288	0	0	4918103	4919390	4416606	4415319	0.0	2324
results	results	100.000	1361	0	0	4900276	4901636	4816322	4814962	0.0	2455
results	results	100.000	1380	0	0	4901559	4902938	3237651	3236272	0.0	2489
results	results	75.470	3938	944	16	631292	635217	4030168	4026241	0.0	2695
results	results	75.470	3938	944	16	4166047	4169974	248627	252552	0.0	2695
results	results	100.000	1571	0	0	4916534	4918104	4814961	4813391	0.0	2834
results	results	100.000	1697	0	0	4911637	4913333	4811695	4813391	0.0	3061
results	results	100.000	1715	0	0	4909922	4911636	4418243	4416529	0.0	3094
results	results	76.273	5281	1198	25	4031215	4036469	236212	241463	0.0	3812
results	results	76.292	5281	1197	25	618877	624128	28086	22832	0.0	3817
results	results	100.000	2858	0	0	1723590	1726447	3458012	3455155	0.0	5155
results	results	99.977	4358	1	0	4891590	4895947	4807338	4811695	0.0	7855
results	results	100.000	4463	0	0	4780118	4784580	4419261	4423723	0.0	8049
results	results	100.000	6129	0	0	4880748	4886876	4801596	4795468	0.0	11054
results	results	100.000	7472	0	0	4859459	4866930	4795461	4787990	0.0	13476
results	results	100.000	7628	0	0	4851831	4859458	4431274	4423647	0.0	13757
results	results	100.000	8554	0	0	4843269	4851822	4359608	4351055	0.0	15427
results	results	100.000	10189	0	0	4833003	4843191	4777801	4787989	0.0	18375
results	results	99.991	10588	1	0	1475513	1486100	1509872	1499285	0.0	19090
results	results	100.000	13885	0	0	4819043	4832927	4394367	4380483	0.0	25041
results	results	100.000	19875	0	0	4780118	4799992	4394777	4414651	0.0	35843
results	results	99.996	26228	1	0	4753892	4780119	4777801	4751574	0.0	47295
results	results	99.993	30581	2	0	4723312	4753892	1951396	1920816	0.0	55141
results	results	99.972	31748	8	1	4027553	4059300	31747	1	0.0	57210
results	results	99.994	32961	2	0	4690352	4723312	4751573	4718613	0.0	59433
results	results	99.996	44896	2	0	4645456	4690351	4673705	4718600	0.0	80956
results	results	100.000	50268	0	0	2691688	2741955	4672921	4622654	0.0	90653
results	results	99.996	56915	2	0	1486174	1543088	4565742	4622656	0.0	1.026e+05
results	results	99.998	58612	1	0	3737763	3796374	3818681	3877292	0.0	1.057e+05
results	results	99.999	77118	0	1	4568345	4645461	4431275	4508392	0.0	1.391e+05
results	results	99.996	100539	4	0	1726513	1827051	3237651	3338189	0.0	1.813e+05
results	results	99.998	106212	2	0	3796286	3902497	3877436	3983647	0.0	1.915e+05
results	results	99.999	116666	1	0	1827397	1944062	3338289	3454954	0.0	2.104e+05
results	results	99.987	119958	15	0	748304	868261	365546	485503	0.0	2.163e+05
results	results	99.999	122786	1	0	1944064	2066849	2327311	2204526	0.0	2.214e+05
results	results	99.998	124607	2	0	3902494	4027100	156869	32263	0.0	2.247e+05
results	results	99.999	134940	1	0	3019268	3154207	2698312	2833251	0.0	2.433e+05
results	results	100.000	153258	0	0	4059314	4212571	4136901	3983644	0.0	2.764e+05
results	results	99.995	162730	8	0	376728	539457	1122639	959910	0.0	2.934e+05
results	results	99.998	174696	3	0	3154129	3328824	2833720	3008415	0.0	3.150e+05
results	results	99.998	180290	3	0	3556761	3737050	3818680	3638391	0.0	3.251e+05
results	results	99.996	180463	1	1	1543087	1723549	3638390	3457935	0.0	3.254e+05
results	results	99.999	196676	1	1	868266	1064940	485599	682274	0.0	3.547e+05
results	results	99.996	209074	9	0	539457	748530	156792	365865	0.0	3.770e+05
results	results	100.000	214155	0	0	4354191	4568345	4136901	4351055	0.0	3.862e+05
results	results	99.999	227931	3	0	3328830	3556760	3236345	3008415	0.0	4.110e+05
results	results	99.996	253122	9	0	2066949	2320070	2204426	1951305	0.0	4.564e+05
results	results	99.999	277281	4	0	2741988	3019268	959669	682389	0.0	5.000e+05
results	results	99.994	371018	7	3	2320070	2691087	2327309	2698312	0.0	6.690e+05
results	results	99.994	376948	15	1	1	376942	1499288	1122341	0.0	6.797e+05
results	results	99.992	410654	8	2	1064941	1475594	1920812	1510183	0.0	7.404e+05
results	results	94.709	378	20	0	2690710	2691087	960047	959670	8.47e-166	592
results	results	77.517	596	48	4	2067221	2067815	2204427	2203917	2.43e-147	531
results	results	100.000	254	0	0	4896015	4896268	4418520	4418773	1.26e-125	459
results	results	70.930	860	246	3	1306370	1307227	4515701	4514844	4.70e-112	415
results	results	96.063	254	9	1	4027672	4027925	31803	31551	5.72e-111	410
results	results	94.737	209	11	0	4831175	4831383	4377608	4377816	5.36e-86	328
results	results	97.382	191	5	0	389062	389252	682192	682382	2.28e-84	323
results	results	76.432	454	97	6	4468513	4468961	4376458	4376906	2.78e-83	319
results	results	89.806	206	9	1	3154014	3154207	2833316	2833521	5.73e-73	284
results	results	99.359	156	0	1	1726372	1726527	3455109	3454955	1.04e-69	274
results	results	96.454	141	5	0	4873831	4873971	4418306	4418166	3.17e-57	233
results	results	72.191	356	90	5	4796123	4796473	4807291	4806940	5.03e-42	182
results	results	79.275	193	32	3	1475278	1475470	1510168	1509984	4.71e-36	162
results	results	89.516	124	11	2	389330	389452	682386	682508	5.74e-35	159
results	results	85.821	134	19	0	4212280	4212413	4718490	4718623	2.00e-34	157
results	results	98.864	88	1	0	3796286	3796373	3877322	3877409	6.99e-34	155
results	results	100.000	80	0	0	1943986	1944065	1920738	1920817	3.62e-31	145
results	results	100.000	79	0	0	4925926	4926004	4816320	4816398	1.26e-30	143
results	results	100.000	79	0	0	1944063	1944141	4795545	4795467	1.26e-30	143
results	results	100.000	79	0	0	4886874	4886952	4414655	4414577	1.26e-30	143
results	results	100.000	79	0	0	3154129	3154207	2833582	2833660	1.26e-30	143
results	results	98.780	82	1	0	4568341	4568422	4801516	4801597	1.26e-30	144
results	results	100.000	78	0	0	4479235	4479312	4817371	4817448	4.41e-30	141
results	results	98.780	82	0	1	2691688	2691768	4795544	4795463	1.54e-29	141
results	results	72.906	203	48	5	4220513	4220710	4510390	4510590	3.87e-18	103
results	results	84.615	78	12	0	4864524	4864601	4511487	4511410	8.53e-14	87.8
results	results	74.101	139	34	2	4899829	4899965	4415396	4415258	3.63e-12	82.4
results	results	80.822	73	14	0	1272919	1272991	4551831	4551759	2.29e-08	69.8
results	results	87.719	57	6	1	4793000	4793056	4563000	4563055	7.99e-08	68.9
results	results	81.818	66	12	0	903332	903397	4549758	4549693	2.79e-07	66.2
results	results	78.947	76	16	0	2633744	2633819	3877218	3877293	2.79e-07	66.2
results	results	82.192	73	11	2	4928160	4928231	3455223	3455152	2.79e-07	67.1
results	results	70.536	112	33	0	4869873	4869984	4415146	4415257	0.002	54.5
results	results	91.429	35	3	0	4878691	4878725	4371742	4371776	0.021	50.9
results	results	74.444	90	20	3	1358439	1358527	2833261	2833174	0.075	49.1
results	results	64.427	253	86	2	4252992	4253242	4360627	4360877	0.26	46.4
results	results	79.245	53	11	0	97897	97949	4377607	4377659	0.26	47.3
results	results	78.846	52	11	0	3915318	3915369	4510543	4510594	0.91	45.5
results	results	74.074	81	19	2	3796287	3796367	1509960	1509882	0.91	45.5
results	results	72.727	77	21	0	778437	778513	1509799	1509875	0.91	45.5
results	results	80.851	47	7	1	909775	909819	4545249	4545203	3.2	42.8
results	results	70.909	110	26	4	4568233	4568339	1509904	1509798	3.2	42.8
results	results	80.435	46	9	0	4784439	4784484	4370653	4370698	3.2	43.7
